;file name;conductivity
0;11.prn;0,3204470573283821
1;12.prn;0,3275573867668916
2;13.prn;0,32924817681539975
3;21.prn;0,4809723945926021
4;22.prn;0,4830227652389521
5;23.prn;0,4791785095256129
6;24.prn;0,4859746141000758
7;25.prn;0,4676756142768537
8;31.prn;0,532763565969783
9;32.prn;0,541203300943778
10;33.prn;0,5372745929867304
11;34.prn;0,5308114916410462
12;51.prn;0,06882411849347642
13;52.prn;0,06860485290958135
14;53.prn;0,06940842219145361
15;54.prn;0,06815066327320878
16;61.prn;0,22754175294938597
17;62.prn;0,233252593519922
18;63.prn;0,215912264726074
19;71.prn;0,21821472585484736
20;72.prn;0,21504654400362086
21;73.prn;0,19835423551919754
22;81.prn;0,3382589469773047
23;82.prn;0,3242708163039448
24;83.prn;0,3236990818726572
25;baseline_M1.prn;0,18432529553067342
26;baseline_M2.prn;0,18412046940872498
27;baseline_M3.prn;0,17979167381897407
28;baseline_M4.prn;0,1823110005602946
29;Calibration_M1_end.prn;-0,09914572550648947
30;EPT_challenge_M1_20C.prn;1,0199984004361673
31;EPT_challenge_M1_21C.prn;0,9658348117690836
32;EPT_challenge_M1_22C.prn;1,1433480054170644
33;EPT_challenge_M1_25C.prn;1,2017644785594077
34;EPT_challenge_M2_20C.prn;1,087501173308163
35;EPT_challenge_M3_20C.prn;1,0765393308226718
36;EPT_challenge_M4_20C.prn;0,7911527198821298
37;EPT_challenge_M5_20C.prn;0,8034613323098254
38;EPT_challenge_M6_20C.prn;0,8249575568860097
39;EPT_challenge_M7_20C.prn;1,0034719680680595
40;R1_S10_M1.prn;0,9433393205550149
41;R1_S10_M2.prn;0,9359779149283756
42;R1_S10_M3.prn;0,9418210578821575
43;R1_S11_M1.prn;1,0753527748979363
44;R1_S11_M2.prn;1,0797345776636942
45;R1_S11_M3.prn;1,083481682444679
46;R1_S12_M1.prn;1,2883145170328725
47;R1_S12_M2.prn;1,293932089761527
48;R1_S12_M3.prn;1,2965451135028399
49;R1_S13_M1.prn;1,4823403888840647
50;R1_S13_M2.prn;1,533402311334923
51;R1_S13_M3.prn;1,5275150303202167
52;R1_S14_M1.prn;1,6967528302502775
53;R1_S14_M2.prn;1,7084832557819183
54;R1_S14_M3.prn;1,7203005975474046
55;R1_S15_M1.prn;1,9473448603582726
56;R1_S15_M2.prn;1,9507393354587181
57;R1_S15_M3.prn;1,944602630354787
58;R1_S16_M1.prn;2,4733980046925006
59;R1_S16_M2.prn;2,48764198597968
60;R1_S16_M3.prn;2,481348340178739
61;R1_S1_M1.prn;0,4674359378049349
62;R1_S1_M2.prn;0,40448434237647807
63;R1_S1_M3.prn;0,3511145881025551
64;R1_S2_M1.prn;0,5024286268218402
65;R1_S2_M2.prn;0,5017269310643981
66;R1_S2_M3.prn;0,5001350122557094
67;R1_S3_M1.prn;0,5889873994177867
68;R1_S3_M2.prn;0,5748818907829017
69;R1_S3_M3.prn;0,5673403893497179
70;R1_S4_M1.prn;0,6059720147318017
71;R1_S4_M2.prn;0,605167965361248
72;R1_S4_M3.prn;0,6027019041865965
73;R1_S4_M4.prn;0,5279357844176642
74;R1_S4_M5.prn;0,5289282557179249
75;R1_S5_M1.prn;0,5917491860011596
76;R1_S5_M2.prn;0,5925207717838586
77;R1_S5_M3.prn;0,5888684012306509
78;R1_S5_M4.prn;0,5264988032115677
79;R1_S6_M1.prn;0,6515876259198005
80;R1_S6_M2.prn;0,6519012787992964
81;R1_S6_M3.prn;0,6486773641142752
82;R1_S6_M4.prn;0,5989276380457929
83;R1_S6_M5.prn;0,5723397988218547
84;R1_S6_M6.prn;0,5839027599533304
85;R1_S6_M7.prn;0,5858655723553516
86;R1_S7_M1.prn;0,7167757183316028
87;R1_S7_M2.prn;0,714644232505733
88;R1_S7_M3.prn;0,7124200227867011
89;R1_S8_M1.prn;0,8315968934568367
90;R1_S8_M2.prn;0,8327670245740154
91;R1_S8_M3.prn;0,8294287498765648
92;R1_S9_M1.prn;0,9232047573143597
93;R1_S9_M2.prn;0,919269845489966
94;R1_S9_M3.prn;0,8992325479901648
95;R2_S11_M1.prn;1,0915927982595945
96;R2_S11_M2.prn;1,0991723862324452
97;R2_S11_M3.prn;1,0997817335133224
98;R2_S13_M1.prn;1,5807731856378673
99;R2_S13_M2.prn;1,5759865605372871
100;R2_S13_M3.prn;1,5956988673318544
101;R2_S13_M4.prn;1,5643700294512874
102;R2_S13_M5.prn;1,5436326046855653
103;R2_S15_M1.prn;2,020793652373443
104;R2_S15_M2.prn;1,9732919310074957
105;R2_S15_M3.prn;1,9527806470395133
106;R2_S1_M1.prn;0,43444543471812846
107;R2_S1_M2.prn;0,43269954549528944
108;R2_S1_M3.prn;0,43294069934177565
109;R2_S2_M1.prn;0,45915460804503716
110;R2_S2_M2.prn;0,4630722416458041
111;R2_S2_M3.prn;0,4648274893290566
112;R2_S3_M1.prn;0,5186265098940349
113;R2_S3_M2.prn;0,5218068474179464
114;R2_S3_M3.prn;0,5233128782193416
115;R2_S4_M1.prn;0,5662341201094245
116;R2_S4_M2.prn;0,5684639667411051
117;R2_S4_M3.prn;0,56821609516574
118;R2_S5_M1.prn;0,6416726910448504
119;R2_S5_M2.prn;0,6460412012294569
120;R2_S5_M3.prn;0,6469725125277214
121;R2_S7_M1.prn;0,7378468070946526
122;R2_S7_M2.prn;0,7123233614067962
123;R2_S7_M3.prn;0,7391333686518602
124;R2_S9_M1.prn;0,9482086643833503
125;R2_S9_M2.prn;0,9483794399168839
126;R2_S9_M3.prn;0,9483206080942996
127;tapwater_M1_195deg.prn;0,052565694758864544
128;tapwater_M1_215deg.prn;0,05270966178825545
129;tapwater_M1_225deg.prn;0,044013610104471905
130;tapwater_M2_225deg.prn;0,04233749780998638
